b<-6
c<-9
d<- 12
